[decals]
{
	[t:decal,n:*]
	{
		decal_orientation = 0.980785,-0.195090,0.000000,0.000000,0.000000,-1.000000,0.195090,0.980785,0.000000;
		decal_origin = 6.968549,-0.999998,-1.025452,0xD262A2D1;
	  f far_plane = 1.100000;
	  x guid = 0xC8BEEB32;
	  f horizontal_meters = 4.000000;
	  f lod = 1.000000;
	  f near_plane = 0.100000;
		texture = Art\Bitmaps\Decals\b_d_dirt-a.%img%;
	  f vertical_meters = 4.000000;
	}
	[t:decal,n:*]
	{
		decal_orientation = 0.000000,-1.000000,0.000000,0.000000,0.000000,-1.000000,1.000000,0.000000,0.000000;
		decal_origin = 6.231841,-0.967113,0.499832,0xD363A888;
	  f far_plane = 1.100000;
	  x guid = 0x29E2A960;
	  f horizontal_meters = 4.000000;
	  f lod = 1.000000;
	  f near_plane = 0.100000;
		texture = Art\Bitmaps\Decals\b_d_dirt-a.%img%;
	  f vertical_meters = 4.000000;
	}
	[t:decal,n:*]
	{
		decal_orientation = -0.831470,-0.555570,0.000000,0.000000,0.000000,-1.000000,0.555570,-0.831470,0.000000;
		decal_origin = 6.604684,-1.000000,-0.904846,0xD363A888;
	  f far_plane = 1.100000;
	  x guid = 0x41057328;
	  f horizontal_meters = 4.000000;
	  f lod = 1.000000;
	  f near_plane = 0.100000;
		texture = Art\Bitmaps\Decals\b_d_dirt-a.%img%;
	  f vertical_meters = 4.000000;
	}
	[t:decal,n:*]
	{
		decal_orientation = 1.000000,0.000000,0.000000,0.000000,0.000000,-1.000000,0.000000,1.000000,0.000000;
		decal_origin = 4.888609,-1.000000,0.116104,0xD363A888;
	  f far_plane = 1.100000;
	  x guid = 0x71E68930;
	  f horizontal_meters = 4.000000;
	  f lod = 1.000000;
	  f near_plane = 0.100000;
		texture = Art\Bitmaps\Decals\b_d_dirt-a.%img%;
	  f vertical_meters = 4.000000;
	}
	[t:decal,n:*]
	{
		decal_orientation = 0.000000,-1.000000,0.000000,0.000000,0.000000,-1.000000,1.000000,0.000000,0.000000;
		decal_origin = -1.781207,0.550000,-1.434700,0x2573951D;
	  f far_plane = 1.100000;
	  x guid = 0x52DDEF6E;
	  f horizontal_meters = 4.000000;
	  f lod = 1.000000;
	  f near_plane = 0.100000;
		texture = Art\Bitmaps\Decals\b_d_dirt-a.%img%;
	  f vertical_meters = 4.000000;
	}
	[t:decal,n:*]
	{
		decal_orientation = -1.000000,0.000000,0.000000,0.000000,0.000000,-1.000000,0.000000,-1.000000,0.000000;
		decal_origin = -3.625351,1.000000,1.237507,0x15F3FBEA;
	  f far_plane = 1.100000;
	  x guid = 0x9523C3DE;
	  f horizontal_meters = 4.000000;
	  f lod = 1.000000;
	  f near_plane = 0.100000;
		texture = Art\Bitmaps\Decals\b_d_dirt-a.%img%;
	  f vertical_meters = 4.000000;
	}
	[t:decal,n:*]
	{
		decal_orientation = 0.707107,-0.707107,0.000000,0.000000,0.000000,-1.000000,0.707107,0.707107,0.000000;
		decal_origin = -3.915649,0.999999,-0.422525,0x15F3FBEA;
	  f far_plane = 1.100000;
	  x guid = 0xACD3B570;
	  f horizontal_meters = 4.000000;
	  f lod = 1.000000;
	  f near_plane = 0.100000;
		texture = Art\Bitmaps\Decals\b_d_dirt-a.%img%;
	  f vertical_meters = 4.000000;
	}
	[t:decal,n:*]
	{
		decal_orientation = 0.980785,-0.195090,0.000000,0.000000,0.000000,-1.000000,0.195090,0.980785,0.000000;
		decal_origin = 4.274966,-0.079903,2.253261,0x1E315C29;
	  f far_plane = 2.000000;
	  x guid = 0xB86BD1CA;
	  f horizontal_meters = 7.272727;
	  f lod = 1.000000;
	  f near_plane = 0.500000;
		texture = Art\Bitmaps\Decals\b_d_dirt-a.%img%;
	  f vertical_meters = 7.272727;
	}
	[t:decal,n:*]
	{
		decal_orientation = 0.000000,-1.000000,0.000000,0.000000,0.000000,-1.000000,1.000000,0.000000,0.000000;
		decal_origin = 1.414766,-0.121630,1.609114,0x1E315C29;
	  f far_plane = 2.000000;
	  x guid = 0x8256922B;
	  f horizontal_meters = 7.272727;
	  f lod = 1.000000;
	  f near_plane = 0.500000;
		texture = Art\Bitmaps\Decals\b_d_dirt-a.%img%;
	  f vertical_meters = 7.272727;
	}
}
