[decals]
{
	[t:decal,n:*]
	{
		decal_orientation = 0.000000,1.000000,0.000000,0.000000,0.000000,-1.000000,-1.000000,0.000000,0.000000;
		decal_origin = 5.606445,3.000000,5.846977,0xFA5DD0E1;
	  f far_plane = 1.100000;
	  x guid = 0xB2194628;
	  f horizontal_meters = 4.000000;
	  f lod = 1.000000;
	  f near_plane = 0.100000;
		texture = Art\Bitmaps\Decals\b_d_grs01-a.%img%;
	  f vertical_meters = 4.000000;
	}
	[t:decal,n:*]
	{
		decal_orientation = -1.000000,0.000000,0.000000,0.000000,0.000000,-1.000000,0.000000,-1.000000,0.000000;
		decal_origin = 5.493835,3.000003,2.349716,0xFA5DD0E1;
	  f far_plane = 1.100000;
	  x guid = 0x5707E510;
	  f horizontal_meters = 4.000000;
	  f lod = 1.000000;
	  f near_plane = 0.100000;
		texture = Art\Bitmaps\Decals\b_d_grs01-a.%img%;
	  f vertical_meters = 2.000000;
	}
	[t:decal,n:*]
	{
		decal_orientation = 0.707107,-0.619578,-0.340768,0.000000,0.481919,-0.876216,0.707107,0.619578,0.340768;
		decal_origin = -1.351699,6.784706,2.377198,0xFA5DD0E1;
	  f far_plane = 1.100000;
	  x guid = 0x7E45521D;
	  f horizontal_meters = 4.000000;
	  f lod = 1.000000;
	  f near_plane = 0.100000;
		texture = Art\Bitmaps\Decals\b_d_grs01-a.%img%;
	  f vertical_meters = 4.000000;
	}
	[t:decal,n:*]
	{
		decal_orientation = 0.351123,-0.861049,-0.367840,0.000000,0.392854,-0.919601,0.936329,0.322894,0.137940;
		decal_origin = -1.418076,6.422691,6.007957,0xFA5DD0E1;
	  f far_plane = 1.100000;
	  x guid = 0xFC834FC9;
	  f horizontal_meters = 4.000000;
	  f lod = 1.000000;
	  f near_plane = 0.100000;
		texture = Art\Bitmaps\Decals\b_d_grs01-a.%img%;
	  f vertical_meters = 4.000000;
	}
	[t:decal,n:*]
	{
		decal_orientation = 0.995037,-0.088910,-0.044677,0.000000,0.448995,-0.893534,0.099504,0.889100,0.446767;
		decal_origin = 4.198710,-0.215979,-0.542988,0xB76847E1;
	  f far_plane = 1.100000;
	  x guid = 0xB2E7A4CC;
	  f horizontal_meters = 4.000000;
	  f lod = 1.000000;
	  f near_plane = 0.100000;
		texture = Art\Bitmaps\Decals\b_d_grs01-a.%img%;
	  f vertical_meters = 3.000000;
	}
	[t:decal,n:*]
	{
		decal_orientation = 0.994284,0.093830,0.050946,0.000000,0.477161,-0.878816,-0.106769,0.873793,0.474433;
		decal_origin = 0.009226,2.653586,3.101900,0x73B62C37;
	  f far_plane = 1.100000;
	  x guid = 0x5ED88BF5;
	  f horizontal_meters = 4.000000;
	  f lod = 1.000000;
	  f near_plane = 0.100000;
		texture = Art\Bitmaps\Decals\b_d_grs01-a.%img%;
	  f vertical_meters = 4.000000;
	}
	[t:decal,n:*]
	{
		decal_orientation = 0.995037,-0.088910,-0.044677,0.000000,0.448995,-0.893534,0.099504,0.889100,0.446767;
		decal_origin = -0.003412,2.507048,2.775453,0x955435A3;
	  f far_plane = 1.100000;
	  x guid = 0x3B959188;
	  f horizontal_meters = 4.000000;
	  f lod = 1.000000;
	  f near_plane = 0.100000;
		texture = Art\Bitmaps\Decals\b_d_grs01-a.%img%;
	  f vertical_meters = 4.000000;
	}
	[t:decal,n:*]
	{
		decal_orientation = 0.000000,1.000000,0.000000,0.000000,0.000000,-1.000000,-1.000000,0.000000,0.000000;
		decal_origin = 0.817818,1.000002,3.696911,0x2E1D9909;
	  f far_plane = 1.100000;
	  x guid = 0xCB5B5032;
	  f horizontal_meters = 4.000000;
	  f lod = 1.000000;
	  f near_plane = 0.100000;
		texture = Art\Bitmaps\Decals\b_d_blood.%img%;
	  f vertical_meters = 4.000000;
	}
	[t:decal,n:*]
	{
		decal_orientation = -1.000000,0.000000,0.000000,0.000000,0.000000,-1.000000,0.000000,-1.000000,0.000000;
		decal_origin = -3.065720,1.000000,-1.436924,0x2E1D9909;
	  f far_plane = 1.100000;
	  x guid = 0x8D33BCF9;
	  f horizontal_meters = 4.000000;
	  f lod = 1.000000;
	  f near_plane = 0.100000;
		texture = Art\Bitmaps\Decals\b_d_grs01-burnt.%img%;
	  f vertical_meters = 4.000000;
	}
	[t:decal,n:*]
	{
		decal_orientation = 1.000000,0.000000,0.000000,0.000000,0.196116,-0.980581,0.000000,0.980581,0.196116;
		decal_origin = -3.437729,1.768621,2.244073,0x499AF8F0;
	  f far_plane = 1.100000;
	  x guid = 0x67F5B878;
	  f horizontal_meters = 4.000000;
	  f lod = 1.000000;
	  f near_plane = 0.100000;
		texture = Art\Bitmaps\Decals\b_d_blood.%img%;
	  f vertical_meters = 4.000000;
	}
	[t:decal,n:*]
	{
		decal_orientation = 0.000000,-1.000000,0.000000,0.000000,0.000000,-1.000000,1.000000,0.000000,0.000000;
		decal_origin = 2.126938,0.999994,1.528555,0xBE7BF125;
	  f far_plane = 1.100000;
	  x guid = 0x159DB309;
	  f horizontal_meters = 4.000000;
	  f lod = 1.000000;
	  f near_plane = 0.100000;
		texture = Art\Bitmaps\Decals\b_d_grs01-burnt.%img%;
	  f vertical_meters = 4.000000;
	}
}
