[decals]
{
	[t:decal,n:*]
	{
		decal_orientation = 0.000000,-1.000000,0.000000,0.000000,0.000000,-1.000000,1.000000,0.000000,0.000000;
		decal_origin = 2.074465,0.000000,-3.698395,0x2F5979BD;
	  f far_plane = 1.100000;
	  x guid = 0x57E8E34B;
	  f horizontal_meters = 4.000000;
	  f lod = 1.000000;
	  f near_plane = 0.100000;
		texture = Art\Bitmaps\Decals\b_d_for01-b.%img%;
	  f vertical_meters = 4.000000;
	}
	[t:decal,n:*]
	{
		decal_orientation = -0.965926,-0.258819,0.000000,0.000000,0.000000,-1.000000,0.258819,-0.965926,0.000000;
		decal_origin = -3.305405,0.000000,-2.917473,0x2F5979BD;
	  f far_plane = 1.100000;
	  x guid = 0x709C0552;
	  f horizontal_meters = 4.000000;
	  f lod = 1.000000;
	  f near_plane = 0.100000;
		texture = Art\Bitmaps\Decals\b_d_for01-b.%img%;
	  f vertical_meters = 4.000000;
	}
	[t:decal,n:*]
	{
		decal_orientation = -1.000000,0.000000,0.000000,0.000000,0.099504,-0.995037,0.000000,-0.995037,-0.099504;
		decal_origin = -0.526197,-0.035115,-3.119194,0x2F5979BD;
	  f far_plane = 1.100000;
	  x guid = 0x50A05D35;
	  f horizontal_meters = 4.000000;
	  f lod = 1.000000;
	  f near_plane = 0.100000;
		texture = Art\Bitmaps\Decals\b_d_for01-b.%img%;
	  f vertical_meters = 4.000000;
	}
	[t:decal,n:*]
	{
		decal_orientation = 1.000000,0.000000,0.000000,0.000000,0.447214,-0.894427,0.000000,0.894427,0.447214;
		decal_origin = -3.511157,0.475043,-1.421190,0x2F5979BD;
	  f far_plane = 1.100000;
	  x guid = 0xEDAC5312;
	  f horizontal_meters = 4.000000;
	  f lod = 1.000000;
	  f near_plane = 0.100000;
		texture = Art\Bitmaps\Decals\b_d_for01-b.%img%;
	  f vertical_meters = 4.000000;
	}
	[t:decal,n:*]
	{
		decal_orientation = 0.000000,-1.000000,0.000000,0.000000,0.000000,-1.000000,1.000000,0.000000,0.000000;
		decal_origin = 3.587578,1.000000,-2.350766,0x5024D19D;
	  f far_plane = 1.100000;
	  x guid = 0x29B22BC0;
	  f horizontal_meters = 4.000000;
	  f lod = 1.000000;
	  f near_plane = 0.100000;
		texture = Art\Bitmaps\Decals\b_d_for01-b.%img%;
	  f vertical_meters = 4.000000;
	}
	[t:decal,n:*]
	{
		decal_orientation = 0.000000,-1.000000,0.000000,0.000000,0.000000,-1.000000,1.000000,0.000000,0.000000;
		decal_origin = -0.227978,0.000000,-3.162334,0x91BA3770;
	  f far_plane = 1.100000;
	  x guid = 0xD8C6603E;
	  f horizontal_meters = 4.000000;
	  f lod = 1.000000;
	  f near_plane = 0.100000;
		texture = Art\Bitmaps\Decals\b_d_for01-b.%img%;
	  f vertical_meters = 4.000000;
	}
}
